A=rand(4,4)

A =

    0.8147    0.6324    0.9575    0.9572
    0.9058    0.0975    0.9649    0.4854
    0.1270    0.2785    0.1576    0.8003
    0.9134    0.5469    0.9706    0.1419

[P,D]=eig(A);
P

P =

   -0.6621   -0.7149    0.1745    0.1821
   -0.4819   -0.0292   -0.6291   -0.9288
   -0.2766    0.6972    0.5995    0.3178
   -0.5029   -0.0438   -0.4630    0.0570

D

D =

    2.4021         0         0         0
         0   -0.0346         0         0
         0         0   -0.7158         0
         0         0         0   -0.4400

norm(A-P*D*inv(P))

ans =

   2.0950e-15

B=A+A'

B =

    1.6294    1.5382    1.0845    1.8705
    1.5382    0.1951    1.2434    1.0323
    1.0845    1.2434    0.3152    1.7709
    1.8705    1.0323    1.7709    0.2838

[Q,D]=eig(B);
D

D =

   -1.7108         0         0         0
         0   -0.7419         0         0
         0         0   -0.1196         0
         0         0         0    4.9958

Q*Q'

ans =

    1.0000   -0.0000         0   -0.0000
   -0.0000    1.0000    0.0000    0.0000
         0    0.0000    1.0000   -0.0000
   -0.0000    0.0000   -0.0000    1.0000

norm(B-Q*D*Q')

ans =

   2.0398e-15


