% clear;
% A = [3.3140    7.1220    5.4340    5.6990    4.9030    5.0340,
%      7.1220   23.6440   11.9770   12.6290   11.9920   18.4220,
%      5.4340   11.9770   18.3360   16.0310   10.2080   11.6880,
%      5.6990   12.6290   16.0310   20.4990   10.2080   12.7920,
%      4.9030   11.9920   10.2080   10.2080   11.8890    9.8450,
%      5.0340   18.4220   11.6880   12.7920    9.8450   16.1010]
% [V D] = eig(A)
% A' * A
% [V1 D1] = eig(A'*A)

clear;
A = [-4 72,
    72 -46]
[V D] = eig(A)
[V1 D1] = eig(A'*A)