A=rand(3,3)

A =

    0.2435    0.1966    0.4733
    0.9293    0.2511    0.3517
    0.3500    0.6160    0.8308

x=A(:,1);
y=[...]';
w=x-y; w=w/norm(w);
H=eye(3)-2*w*w';
A1=H*A

A1 =

    ......    0.4859    0.7168
    ......   -0.0941    0.0612
    ......    0.4860    0.7214


